521021910047
521021910048
521021910052
521021910073
521021910083
521021910110
521021910127
521021910175
521021910183
521021910186
521021910192
521021910196
521021910215
521021910220
521021910275
521021910293
521021910297
521021910300
521021910314
521021910316
521021910322
521021910341
521021910346
521021910351
521021910358
521021910379
521021910381
521021910399
521021910414
521021910423
521021910426
521021910427
521021910433
521021910471
521021910477
521021910481
521021910494
521021910496
521021910497
521021910499
521021910500
521021910515
521021910519
521021910526
521021910545
521021910552
521021910564
521021910567
521021910570
521021910580
521021910619
521021910643
521021910645
521021910648
521021910653
521021910661
521021910674
521021910713
521021910727
521021910762
521021910781
521021910792
521021910810
521021910811
521021910812
521021910821
521021910871
521021910883
521021910917
521021910923
521021910925
521021910946
521021910956
521021910965
521021910972
